100
(
(0 507.6814 5.094278)
(0 168.1064 4.258211)
(0 100.7304 6.014403)
(0 71.90954 1.684759)
(0 55.91205 2.877301)
(0 45.73706 4.382812)
(0 38.69523 2.116644)
(0 33.53246 6.112564)
(0 29.58516 1.35387)
(0 26.46931 1.194869)
(0 23.94723 4.600516)
(0 21.86397 4.23147)
(0 20.11416 0.1151101)
(0 18.62367 4.745711)
(0 17.33884 1.067445)
(0 16.21985 0.8727533)
(3.18214e-144 15.23654 5.089349)
(4.80518e-114 14.36563 1.442706)
(2.157605e-91 13.5889 2.77959)
(3.992098e-74 12.89186 4.063596)
(8.846632e-61 12.26284 4.308432)
(2.457794e-50 11.69234 4.260085)
(4.528963e-42 11.17257 1.005293)
(1.839641e-35 10.69704 5.847479)
(3.965867e-30 10.26033 1.048132)
(8.704468e-26 9.857891 0.9090014)
(3.171859e-22 9.485825 5.458934)
(2.781457e-19 9.140824 2.1532)
(7.803545e-17 8.820038 2.306877)
(8.733089e-15 8.521003 0.8852297)
(4.63203e-13 8.241581 3.048218)
(1.333865e-11 7.979902 5.377929)
(2.323069e-10 7.734329 5.9338)
(2.667649e-09 7.50342 4.068176)
(2.165355e-08 7.285898 5.060489)
(1.314518e-07 7.080633 5.102095)
(6.249296e-07 6.886617 6.25418)
(2.416154e-06 6.702949 4.324754)
(7.837503e-06 6.528824 0.7374438)
(2.188819e-05 6.363517 0.02514298)
(5.377353e-05 6.206374 0.0311311)
(0.0001183255 6.056805 5.850077)
(0.000236765 5.914275 2.502318)
(0.0004363538 5.778299 4.052568)
(0.0007487697 5.648435 4.544273)
(0.001207396 5.52428 5.954017)
(0.001844004 5.405466 2.364588)
(0.002685423 5.291655 3.256983)
(0.003750761 5.182537 2.41657)
(0.005049543 5.077829 4.043375)
(0.006580937 4.977268 5.937645)
(0.008334012 4.880613 3.343813)
(0.01028885 4.78764 0.1781313)
(0.01241824 4.698143 2.399795)
(0.01468972 4.611931 2.177391)
(0.01706759 4.528826 3.465181)
(0.01951495 4.448663 1.266972)
(0.02199531 4.371288 4.30498)
(0.02447404 4.296559 5.865692)
(0.02691935 4.224342 4.316726)
(0.029303 4.154512 6.03737)
(0.03160073 4.086954 2.002169)
(0.03379235 4.021557 3.89513)
(0.03586175 3.958221 4.701449)
(0.03779667 3.896848 3.828671)
(0.03958843 3.83735 3.336322)
(0.04123153 3.779641 4.731689)
(0.0427233 3.723642 4.93929)
(0.0440635 3.669278 5.440339)
(0.0452539 3.616479 1.51422)
(0.04629791 3.565178 4.28415)
(0.04720031 3.515312 0.9845001)
(0.04796685 3.466822 2.051368)
(0.04860408 3.419651 5.006663)
(0.04911904 3.373746 5.149368)
(0.04951912 3.329058 2.05434)
(0.04981186 3.285538 5.757664)
(0.05000485 3.243142 2.279009)
(0.05010559 3.201825 1.703311)
(0.05012142 3.161548 2.19347)
(0.05005945 3.122272 0.7005228)
(0.04992651 3.083959 0.4113782)
(0.04972912 3.046576 5.177742)
(0.04947346 3.010088 0.4837087)
(0.04916536 2.974463 4.429761)
(0.04881028 2.939672 2.004479)
(0.04841334 2.905686 1.342937)
(0.04797931 2.872476 2.834692)
(0.04751259 2.840017 4.937781)
(0.04701727 2.808283 3.571372)
(0.04649713 2.77725 2.72706)
(0.04595561 2.746896 3.727337)
(0.0453959 2.717199 6.023839)
(0.0448209 2.688136 2.52465)
(0.04423327 2.659689 3.490425)
(0.04363543 2.631837 4.542825)
(0.04302955 2.604563 0.3617197)
(0.04241765 2.577848 1.124494)
(0.0418015 2.551676 0.3512117)
(0.04118273 2.526029 3.953551)
)
